0 1
0 2
0 3
1 637
1 754
1 1319
1 1350
1 1463
1 1523
2 637
2 754
2 1319
2 1350
2 1463
2 1523
3 499
3 539
3 595
3 637
3 706
3 1128
3 1194
3 1213
3 1319
3 1523
4 5
4 6
4 7
7 1128
8 9
9 706
9 1194
9 1213
10 11
10 12
10 13
10 14
10 15
10 16
10 17
10 18
14 378
18 378
20 21
20 22
20 23
20 24
20 25
20 26
20 27
20 28
20 29
20 30
29 31
29 32
29 33
34 35
36 37
36 38
36 39
36 40
36 41
42 43
42 44
42 45
42 46
42 47
42 48
42 49
42 50
42 51
42 52
42 706
43 64
44 64
45 64
46 64
46 655
46 1034
46 1227
46 1369
47 64
47 655
47 1034
47 1227
47 1369
48 64
48 655
48 1034
48 1227
48 1369
49 64
49 655
49 1034
49 1227
49 1369
50 64
50 655
50 1034
50 1227
50 1369
51 64
51 655
51 1034
51 1227
51 1369
52 64
53 54
53 55
53 56
53 57
53 58
53 59
53 60
53 61
53 62
53 63
53 378
54 378
55 378
56 378
57 378
58 378
59 117
59 378
60 378
61 378
62 117
62 378
63 378
64 65
64 66
64 67
64 68
64 69
64 70
64 71
64 72
64 73
64 74
64 75
64 76
64 77
64 78
64 79
64 80
64 81
64 82
64 83
64 84
64 85
64 86
64 87
64 88
64 89
64 90
64 91
64 92
64 93
64 94
64 95
64 96
64 97
64 98
64 99
64 100
64 101
64 102
64 103
64 104
64 105
64 106
64 107
64 108
64 109
64 110
64 111
64 112
64 113
64 114
64 115
64 116
64 117
64 118
64 119
64 120
64 121
64 122
64 123
64 124
64 125
64 126
64 127
64 128
64 129
64 130
64 131
64 132
64 133
64 134
64 135
64 136
64 137
64 138
64 139
64 140
64 141
64 142
64 143
64 144
64 145
64 146
64 147
64 148
64 149
64 150
64 151
64 152
64 153
64 154
64 155
64 156
64 157
64 158
64 159
64 160
64 161
64 162
64 163
64 164
64 165
64 166
64 167
64 168
64 169
64 170
64 171
64 172
64 173
64 174
64 175
64 176
64 177
64 178
64 179
64 180
64 181
64 182
64 183
64 184
64 185
64 186
64 187
64 188
64 189
64 190
64 191
64 192
64 193
64 194
64 195
64 196
64 197
64 198
64 199
64 200
64 201
64 202
64 203
64 204
64 205
64 206
64 207
64 208
64 209
64 210
64 211
65 76
65 1034
66 76
66 706
66 1065
67 76
67 706
67 1065
68 76
68 378
68 615
68 643
68 665
69 76
69 378
69 615
69 643
69 665
70 76
70 378
70 615
70 643
70 665
71 76
71 378
71 615
71 643
71 665
72 76
72 378
72 615
72 643
72 665
73 655
73 770
74 655
74 770
75 378
75 539
75 770
75 1463
76 77
76 78
76 80
76 81
76 82
76 85
76 88
76 90
76 96
76 97
76 98
76 99
76 100
76 101
76 102
76 103
76 105
76 112
76 114
76 118
76 121
76 122
76 130
76 131
76 133
76 142
76 145
76 146
76 148
76 149
76 156
76 158
76 159
76 160
76 161
76 162
76 163
76 164
76 165
76 166
76 167
76 168
76 169
76 170
76 171
76 172
76 173
76 175
76 176
76 177
76 178
76 180
76 182
76 183
76 184
76 186
76 188
76 189
76 190
76 191
76 192
76 194
76 195
76 196
76 207
76 208
76 209
76 210
76 211
76 222
76 233
76 234
76 282
76 296
76 297
76 298
76 299
76 300
76 301
76 303
76 307
76 308
76 309
76 310
76 313
76 314
76 315
76 317
76 318
76 380
76 381
76 382
76 383
76 384
76 385
76 386
76 387
76 388
76 389
76 393
76 394
76 395
76 396
76 406
76 416
76 431
76 446
76 480
76 483
76 485
76 493
76 534
76 535
76 536
76 588
76 590
76 596
76 597
76 598
76 615
76 618
76 619
76 622
76 627
76 708
76 709
76 710
76 711
76 712
76 739
76 740
76 741
76 742
76 757
76 762
76 774
76 775
76 786
76 787
76 788
76 789
76 800
76 801
76 802
76 803
76 804
76 805
76 806
76 807
76 811
76 812
76 813
76 846
76 847
76 848
76 849
76 850
76 931
76 954
76 955
76 956
76 957
76 958
76 959
76 960
76 961
76 962
76 963
76 964
76 965
76 966
76 968
76 969
76 970
76 971
76 972
76 973
76 974
76 975
76 976
76 977
76 978
76 979
76 980
76 981
76 982
76 983
76 984
76 985
76 986
76 987
76 988
76 989
76 990
76 991
76 992
76 993
76 994
76 995
76 996
76 997
76 998
76 999
76 1000
76 1001
76 1002
76 1003
76 1004
76 1005
76 1006
76 1007
76 1008
76 1009
76 1010
76 1011
76 1012
76 1013
76 1014
76 1015
76 1016
76 1017
76 1018
76 1019
76 1020
76 1021
76 1022
76 1023
76 1024
76 1025
76 1026
76 1027
76 1028
76 1029
76 1030
76 1031
76 1032
76 1033
76 1034
76 1035
76 1036
76 1037
76 1038
76 1039
76 1040
76 1041
76 1042
76 1043
76 1044
76 1045
76 1046
76 1047
76 1048
76 1049
76 1050
76 1051
76 1052
76 1053
76 1054
76 1055
76 1056
76 1057
76 1058
76 1059
76 1060
76 1061
76 1062
76 1063
76 1064
77 378
78 378
78 406
78 655
78 665
78 1034
79 637
79 1319
79 1522
79 1523
80 378
80 589
80 655
80 656
80 657
81 378
81 589
81 655
81 656
81 657
82 378
82 589
82 655
82 656
82 657
83 378
83 589
84 378
84 1194
84 1213
85 1194
85 1213
86 1065
87 105
87 378
87 665
88 378
88 615
88 655
89 378
89 656
89 657
90 615
90 655
90 1194
90 1213
90 1378
91 1128
91 1349
92 1128
92 1349
93 1128
93 1349
94 1128
94 1349
95 1128
95 1349
96 378
96 655
96 1034
96 1194
96 1213
97 1194
97 1213
98 655
98 1034
98 1194
98 1213
99 655
99 1034
99 1194
99 1213
100 655
100 1034
100 1194
100 1213
101 655
101 1034
101 1194
101 1213
102 655
102 1034
102 1194
102 1213
103 655
103 1034
103 1194
103 1213
104 378
104 1476
105 118
105 154
105 155
105 378
105 460
105 567
105 568
105 640
105 643
105 655
105 706
105 1038
105 1122
105 1123
105 1124
105 1125
105 1129
105 1130
105 1131
105 1132
105 1133
105 1134
105 1135
105 1136
105 1137
105 1510
105 1533
106 378
106 655
106 1065
107 378
107 1139
107 1140
108 378
108 1139
108 1140
109 378
109 1139
109 1140
110 378
110 1139
110 1140
111 378
111 1139
111 1140
112 1194
112 1213
114 297
114 378
114 1194
114 1213
115 378
115 406
116 392
116 1194
116 1213
117 378
117 436
117 569
117 570
117 655
118 378
118 643
118 655
118 706
118 1038
118 1533
119 392
119 1194
119 1213
120 770
123 679
123 1463
123 1510
124 679
124 1463
124 1510
125 679
125 1463
125 1510
126 679
126 1463
126 1510
127 679
127 1463
127 1510
128 679
128 1463
128 1510
129 679
129 1463
129 1510
134 378
134 1139
134 1140
135 770
136 770
137 392
137 1194
137 1213
138 392
138 1194
138 1213
139 392
139 1194
139 1213
140 392
140 1194
140 1213
141 1034
142 1034
143 378
143 771
143 1065
143 1194
143 1213
144 378
144 771
144 1065
144 1194
144 1213
145 378
145 615
145 1378
146 378
146 615
146 1378
147 378
147 771
147 1065
147 1194
147 1213
149 217
149 378
150 152
151 152
152 153
154 296
154 643
154 706
155 296
155 643
155 706
156 1034
157 378
157 471
157 655
157 1523
169 378
169 665
170 378
170 665
171 378
171 665
172 378
172 665
173 378
173 637
173 665
173 1194
173 1213
173 1319
173 1523
174 1245
175 378
175 665
175 1194
175 1213
176 378
176 665
176 1194
176 1213
177 378
177 665
177 1194
177 1213
178 378
178 665
178 1194
178 1213
179 1245
180 378
180 1034
180 1194
180 1213
181 378
181 681
182 378
182 1065
183 1034
183 1194
183 1213
184 1034
184 1194
184 1213
185 378
185 1476
186 1034
187 378
187 770
188 297
188 378
188 1194
188 1213
189 297
189 378
189 1194
189 1213
190 297
190 378
190 1194
190 1213
191 297
191 378
191 1194
191 1213
192 297
192 378
192 1194
192 1213
194 655
194 1034
194 1194
194 1213
195 655
195 1034
195 1194
195 1213
196 378
196 615
196 655
197 1034
198 1034
199 1034
200 1034
201 1034
202 1034
203 1034
204 205
205 206
207 655
207 1034
207 1194
207 1213
208 655
208 1034
208 1194
208 1213
209 655
209 1034
209 1194
209 1213
210 655
210 1034
210 1194
210 1213
211 655
211 1034
211 1194
211 1213
212 213
212 214
212 215
212 216
212 217
212 218
212 219
212 1441
213 217
214 217
214 378
214 655
214 1377
215 217
215 378
215 655
215 1377
216 217
217 346
217 592
217 593
217 751
217 752
219 1128
220 221
220 222
220 223
220 224
220 225
220 226
220 227
220 228
220 229
220 230
220 231
220 232
220 233
220 234
220 235
220 236
220 237
220 238
220 239
220 240
220 241
220 242
220 243
220 244
220 245
220 246
220 247
220 248
220 249
220 250
220 251
220 252
220 253
220 254
220 255
220 256
222 378
222 643
222 1128
222 1194
222 1213
222 1356
225 378
225 655
226 378
226 655
227 378
227 655
228 378
228 655
229 378
229 655
230 378
230 655
231 378
231 655
232 679
232 706
233 378
233 643
233 1128
233 1194
233 1213
233 1356
234 378
234 643
234 1128
234 1194
234 1213
234 1356
235 655
235 1094
235 1194
235 1213
235 1440
235 1510
241 679
241 706
242 679
242 706
243 378
243 655
244 679
245 679
246 679
247 679
248 679
249 679
249 706
252 1463
254 378
256 655
256 1094
256 1194
256 1213
256 1440
256 1510
257 258
257 259
260 261
260 262
260 263
260 264
261 378
262 378
264 378
264 440
264 441
264 442
264 443
265 266
265 267
265 268
265 1356
267 1356
268 1356
269 270
269 271
269 272
269 273
270 1194
270 1213
271 1194
271 1213
272 1194
272 1213
273 1194
273 1213
274 275
274 276
274 277
274 278
274 279
274 280
274 281
274 282
274 328
275 328
276 328
277 328
278 328
279 328
280 328
281 328
281 756
283 284
283 285
283 286
283 706
283 1175
284 378
284 655
284 706
284 1161
284 1175
285 378
285 655
285 706
285 1161
285 1175
286 378
286 655
286 706
286 1161
286 1175
287 288
287 289
287 290
287 291
287 292
293 294
293 295
293 539
293 706
296 1175
297 298
297 299
297 300
297 301
297 378
297 706
297 1034
298 378
299 378
300 378
301 378
302 303
302 304
302 305
302 306
302 307
302 308
302 309
302 310
302 311
302 679
302 725
303 725
303 1194
303 1213
304 725
305 725
306 725
307 725
307 1194
307 1213
308 725
308 1194
308 1213
309 725
309 1194
309 1213
310 725
310 1194
310 1213
311 725
312 313
312 314
312 315
312 316
312 317
312 318
312 319
312 320
312 321
313 706
314 706
315 706
317 706
318 655
318 706
322 323
322 324
322 325
322 326
322 327
322 378
322 532
323 378
323 532
324 378
324 532
325 378
325 532
326 378
326 532
327 378
327 532
328 329
328 330
328 331
328 332
328 333
328 334
328 335
328 336
328 337
328 338
328 339
328 340
328 341
328 342
328 343
328 344
328 345
328 346
328 347
328 348
328 349
328 350
328 351
328 352
328 353
328 354
328 355
328 356
328 357
328 358
328 359
328 360
328 361
328 362
328 363
328 364
328 365
328 366
328 367
328 368
328 369
328 370
328 371
328 372
328 373
328 374
328 375
331 1545
335 643
336 615
337 643
338 706
339 643
342 539
342 755
342 1128
342 1194
342 1213
343 378
343 539
343 665
343 755
343 1128
343 1194
343 1213
343 1467
344 378
344 494
346 378
346 494
346 1194
346 1213
347 1378
352 643
354 367
362 615
364 367
364 378
364 539
364 1121
364 1467
364 1500
365 367
365 378
365 539
365 1121
365 1467
365 1500
366 367
366 378
366 539
366 1121
366 1467
366 1500
367 368
367 369
367 378
367 539
367 701
367 702
367 703
367 1121
367 1467
367 1500
376 377
378 379
378 380
378 381
378 382
378 383
378 384
378 385
378 386
378 387
378 388
378 389
378 390
378 391
378 392
378 393
378 394
378 395
378 396
378 397
378 398
378 399
378 400
378 401
378 402
378 403
378 404
378 405
378 406
378 407
378 408
378 409
378 410
378 411
378 412
378 413
378 414
378 415
378 416
378 417
378 418
378 419
378 420
378 421
378 422
378 423
378 424
378 425
378 426
378 427
378 428
378 429
378 430
378 431
378 432
378 433
378 434
378 435
378 436
378 437
378 438
378 439
378 440
378 441
378 442
378 443
378 444
378 445
378 446
378 447
378 448
378 449
378 450
378 451
378 452
378 453
378 454
378 455
378 456
378 457
378 458
378 459
378 460
378 461
378 462
378 463
378 464
378 465
378 466
378 467
378 468
378 469
378 470
378 471
378 472
378 473
378 474
378 475
378 476
378 477
378 478
378 479
378 480
378 481
378 482
378 483
378 484
378 485
378 486
378 487
378 488
378 489
378 490
378 491
378 492
378 493
378 494
378 495
378 496
378 497
378 498
378 499
378 500
378 501
378 502
378 503
378 504
378 505
378 506
378 507
378 508
378 509
378 510
378 511
378 512
378 513
378 514
378 515
378 516
378 517
378 518
378 519
378 520
378 521
378 522
378 523
378 524
378 525
378 526
378 527
378 528
378 529
378 530
378 531
378 532
378 533
378 534
378 535
378 536
378 537
378 538
378 539
378 540
378 541
378 542
378 543
378 544
378 545
378 546
378 547
378 548
378 549
378 550
378 551
378 552
378 553
378 554
378 555
378 556
378 557
378 558
378 559
378 560
378 561
378 562
378 563
378 564
378 565
378 566
378 567
378 568
378 569
378 570
378 571
378 572
378 573
378 574
378 575
378 576
378 577
378 578
378 579
378 580
378 581
378 582
378 583
378 584
378 585
378 586
378 587
378 588
378 589
378 590
378 591
378 592
378 593
378 594
378 595
378 596
378 597
378 598
378 599
378 600
378 601
378 602
378 603
378 604
378 605
378 606
378 607
378 608
378 609
378 610
378 611
378 612
378 613
378 614
378 615
378 616
378 617
378 618
378 619
378 620
378 621
378 622
378 623
378 624
378 625
378 626
378 627
378 628
378 629
378 630
378 631
378 632
378 633
378 634
378 635
378 636
378 637
378 638
378 639
378 640
378 641
378 642
378 643
378 644
378 645
378 646
378 647
378 648
378 649
378 650
378 651
378 652
378 653
378 654
378 655
378 656
378 657
378 658
378 659
378 660
378 661
378 662
378 663
378 664
378 665
378 666
378 667
378 668
378 669
378 670
378 671
378 672
378 673
378 674
378 675
378 676
378 677
378 678
378 679
378 680
378 681
378 682
378 683
378 684
378 685
378 686
378 687
378 688
378 689
378 690
378 691
378 692
378 693
378 694
378 695
378 696
378 697
378 698
378 699
378 700
379 1355
380 388
380 774
381 388
381 774
382 388
382 774
383 388
383 774
384 388
384 774
385 388
385 774
386 388
386 774
387 388
387 774
388 389
388 618
388 627
388 774
389 774
390 706
391 704
391 706
391 1128
392 655
394 596
394 1194
394 1213
394 1532
395 596
395 1194
395 1213
395 1532
396 596
396 1194
396 1213
396 1532
397 655
397 1365
398 655
398 1365
399 655
399 1365
404 1145
405 1145
405 1227
406 480
406 739
406 740
406 741
406 742
406 1034
407 1194
407 1213
407 1551
408 1194
408 1213
408 1551
409 1194
409 1213
409 1551
410 1194
410 1213
410 1551
411 412
411 413
411 427
411 429
411 430
411 566
411 1145
412 1145
413 1145
414 532
414 1365
415 532
415 1365
416 766
417 691
417 693
417 706
418 1344
419 1344
420 1344
421 1344
422 1344
425 1194
425 1213
425 1551
426 1194
426 1213
426 1551
427 1145
428 435
429 1145
430 1145
431 766
432 766
433 1194
433 1213
434 435
434 766
435 472
435 552
435 611
435 613
435 766
436 655
439 655
439 1365
444 1344
445 665
446 655
446 706
446 1521
447 773
447 1378
448 1194
448 1213
448 1438
449 1194
449 1213
449 1438
450 1194
450 1213
450 1438
451 1194
451 1213
451 1438
452 1194
452 1213
452 1438
453 1194
453 1213
453 1438
454 1194
454 1213
454 1438
455 1194
455 1213
455 1438
456 1194
456 1213
456 1438
457 1194
457 1213
457 1438
458 1194
458 1213
458 1438
459 1194
459 1213
459 1438
460 643
460 655
460 1038
461 462
462 463
462 464
462 465
462 466
462 467
462 468
462 469
470 471
471 490
471 513
471 516
471 517
471 518
471 543
471 544
472 1550
474 1355
475 476
476 546
476 547
476 548
476 549
477 706
478 681
479 1349
480 1034
481 500
483 655
484 1128
485 1034
486 494
486 1378
487 1349
488 665
490 1065
493 655
493 706
493 1034
493 1065
493 1194
493 1213
493 1369
494 495
494 496
494 537
494 562
494 603
494 604
494 694
494 695
495 655
495 743
495 1349
496 655
496 743
496 1349
497 1349
499 553
499 655
499 667
499 668
499 670
499 1190
499 1191
499 1192
499 1193
500 1559
503 706
503 1239
504 706
504 1239
505 706
505 1239
506 513
507 513
507 655
508 513
508 655
509 513
509 655
510 514
510 515
511 513
512 513
513 630
513 1032
513 1033
513 1128
513 1311
516 532
516 1065
517 532
517 1065
518 532
518 1065
519 655
519 706
520 623
521 623
522 1093
523 655
523 656
523 657
523 669
523 1138
524 656
524 657
524 669
524 1138
525 655
525 656
525 657
525 669
525 1138
526 561
526 655
526 1065
527 561
527 655
527 1065
528 532
528 1463
529 532
530 532
531 532
532 565
532 1166
532 1363
532 1364
533 655
533 1365
534 655
534 706
534 1034
534 1065
534 1194
534 1213
534 1369
535 655
535 706
535 1034
535 1065
535 1194
535 1213
535 1369
536 655
536 706
536 1034
536 1065
536 1194
536 1213
536 1369
537 743
539 656
539 657
539 799
539 1194
539 1213
539 1427
539 1428
539 1429
539 1430
540 665
540 797
540 1031
540 1039
540 1098
540 1107
540 1108
540 1109
540 1110
540 1111
540 1115
540 1119
540 1334
540 1335
540 1431
540 1432
540 1433
540 1434
540 1435
540 1436
540 1437
541 1065
542 1359
543 1065
544 1065
545 1324
550 637
550 638
550 655
550 1319
550 1523
551 655
552 1550
553 595
553 669
553 706
553 1138
555 681
556 681
557 681
558 1245
559 655
559 1194
559 1213
560 655
560 1194
560 1213
561 655
561 1065
562 1356
565 669
565 1138
566 1145
567 643
567 756
567 758
567 1038
568 643
568 756
568 758
568 1038
569 655
570 655
571 572
571 573
571 574
571 575
571 576
571 577
571 578
571 579
571 580
571 1194
571 1213
572 1194
572 1213
573 1194
573 1213
574 1194
574 1213
575 1194
575 1213
576 1194
576 1213
577 1194
577 1213
578 1194
578 1213
579 1194
579 1213
580 1194
580 1213
581 655
582 1145
583 704
583 706
583 1128
585 589
587 589
588 589
588 655
588 1194
588 1213
589 590
589 641
590 655
590 1194
590 1213
592 655
592 1094
593 655
593 1094
594 655
594 705
595 655
595 667
595 668
595 670
595 1190
595 1191
595 1192
595 1193
596 597
596 598
596 619
596 1194
596 1213
596 1532
597 1194
597 1213
597 1532
598 1194
598 1213
598 1532
599 1533
600 1533
601 655
603 743
605 1441
606 1441
607 1441
608 1441
609 1441
610 1549
611 1550
612 766
613 766
615 649
615 650
615 651
615 652
615 653
615 1439
616 665
618 774
619 1194
619 1213
619 1532
621 1441
622 1034
624 655
624 706
626 1533
627 774
629 655
629 1194
629 1213
630 1463
631 704
631 706
631 1128
631 1356
632 704
632 706
632 1128
632 1356
634 655
634 1128
634 1194
634 1213
635 1128
636 1128
637 638
637 655
637 1120
637 1122
637 1123
637 1124
637 1129
637 1131
637 1312
637 1313
637 1314
637 1315
637 1316
637 1317
637 1318
637 1319
637 1320
637 1321
637 1322
637 1323
637 1324
637 1325
637 1326
637 1327
637 1328
637 1523
638 655
638 1319
638 1523
639 655
639 1194
639 1213
640 643
640 655
640 1038
643 756
643 758
643 1038
643 1120
643 1121
643 1122
643 1123
643 1124
643 1125
643 1126
643 1127
643 1128
644 665
645 665
646 665
647 1194
647 1213
648 1065
649 665
650 665
651 665
652 665
653 665
654 665
655 678
655 679
655 680
655 694
655 695
655 706
655 792
655 793
655 794
655 795
655 796
655 797
655 798
655 799
655 800
655 801
655 802
655 803
655 804
655 805
655 806
655 807
655 808
655 809
655 810
655 811
655 812
655 813
655 814
655 815
655 816
655 817
655 818
655 819
655 820
655 821
655 822
655 823
655 824
655 825
655 826
655 827
655 828
655 829
655 830
655 831
655 832
655 833
655 834
655 835
655 836
655 837
655 838
655 839
655 840
655 841
655 842
655 843
655 844
655 845
655 846
655 847
655 848
655 849
655 850
655 851
655 852
655 853
655 854
655 855
655 856
655 857
655 858
655 859
655 860
655 861
655 862
655 863
655 864
655 865
655 866
655 867
655 868
655 869
655 870
655 871
655 872
655 873
655 874
655 875
655 876
655 877
655 878
655 879
655 880
655 881
655 882
655 883
655 884
655 885
655 886
655 887
655 888
655 889
655 890
655 891
655 892
655 893
655 894
655 895
655 896
655 897
655 898
655 899
655 900
655 901
655 902
655 903
655 904
655 905
655 906
655 1194
655 1213
656 665
656 706
656 790
656 791
656 800
656 801
656 802
656 803
656 804
656 805
656 806
656 907
656 908
656 909
656 910
656 911
656 912
656 913
656 914
656 915
656 916
656 917
656 918
656 919
656 920
656 921
656 922
656 923
656 924
656 925
656 926
656 927
656 928
656 929
656 930
656 931
656 932
656 933
656 934
656 935
656 936
656 937
656 938
656 939
656 940
656 941
656 942
656 943
656 944
656 945
656 946
656 947
656 948
656 949
656 950
656 951
656 952
656 953
656 954
656 955
656 956
656 957
656 958
656 959
656 960
656 961
656 962
656 963
656 964
656 965
656 966
656 967
656 968
656 969
656 1121
656 1152
656 1194
656 1213
656 1297
656 1492
656 1500
657 665
657 706
657 790
657 791
657 800
657 801
657 802
657 803
657 804
657 805
657 806
657 907
657 908
657 909
657 910
657 911
657 912
657 913
657 914
657 915
657 916
657 917
657 918
657 919
657 920
657 921
657 922
657 923
657 924
657 925
657 926
657 927
657 928
657 929
657 930
657 931
657 932
657 933
657 934
657 935
657 936
657 937
657 938
657 939
657 940
657 941
657 942
657 943
657 944
657 945
657 946
657 947
657 948
657 949
657 950
657 951
657 952
657 953
657 954
657 955
657 956
657 957
657 958
657 959
657 960
657 961
657 962
657 963
657 964
657 965
657 966
657 967
657 968
657 969
657 1121
657 1152
657 1194
657 1213
657 1297
657 1492
657 1500
658 663
659 663
660 663
661 663
662 663
663 664
665 685
665 699
665 700
665 794
665 984
665 985
665 1022
665 1024
665 1027
665 1028
665 1030
665 1031
665 1079
665 1080
665 1081
665 1082
665 1083
665 1084
665 1085
665 1086
665 1087
665 1088
665 1089
665 1090
665 1091
665 1092
665 1093
665 1094
665 1095
665 1096
665 1097
665 1098
665 1099
665 1100
665 1101
665 1102
665 1103
665 1104
665 1105
665 1106
665 1107
665 1108
665 1109
665 1110
665 1111
665 1112
665 1113
665 1114
665 1115
665 1116
665 1117
665 1118
665 1119
665 1523
666 704
666 706
666 1128
666 1356
667 669
667 706
667 1138
668 669
668 706
668 1138
669 670
669 1138
670 706
670 1138
671 1065
672 1065
673 1194
673 1213
674 1356
678 679
679 680
679 814
679 883
679 1134
679 1135
679 1211
679 1212
679 1356
679 1410
679 1411
679 1412
679 1413
679 1414
679 1415
679 1416
679 1417
679 1418
679 1419
679 1420
679 1421
679 1422
679 1423
679 1424
679 1425
679 1426
682 1128
682 1356
683 1128
685 706
685 1194
685 1213
685 1378
688 691
688 693
688 706
689 691
689 693
689 706
690 691
690 693
690 706
691 692
691 693
691 706
692 693
692 706
693 706
694 743
694 1349
695 743
695 1349
697 753
698 753
705 706
706 727
706 728
706 729
706 731
706 738
706 797
706 832
706 833
706 834
706 836
706 837
706 839
706 840
706 841
706 843
706 844
706 859
706 860
706 861
706 863
706 864
706 865
706 870
706 885
706 886
706 897
706 898
706 900
706 905
706 906
706 932
706 945
706 946
706 1022
706 1024
706 1025
706 1026
706 1027
706 1028
706 1038
706 1095
706 1121
706 1122
706 1123
706 1124
706 1125
706 1126
706 1156
706 1157
706 1158
706 1159
706 1160
706 1161
706 1162
706 1163
706 1164
706 1165
706 1166
706 1167
706 1168
706 1169
706 1170
706 1171
706 1172
706 1173
706 1174
706 1175
706 1176
706 1177
706 1178
706 1179
706 1180
706 1181
706 1182
706 1183
706 1184
706 1185
706 1186
706 1187
706 1188
706 1189
707 708
707 709
707 710
707 711
707 712
707 713
707 714
708 1349
709 1349
710 1349
711 1349
712 1349
715 716
715 717
715 718
715 719
715 720
721 722
721 723
721 724
725 726
725 727
725 728
725 729
725 730
725 731
725 732
725 733
725 734
725 735
725 736
725 737
725 738
733 1194
733 1213
734 1194
734 1213
735 1194
735 1213
739 1034
740 1034
741 1034
742 1034
744 745
744 746
744 747
748 749
748 750
753 1378
756 757
756 758
756 759
756 760
756 761
756 762
756 763
756 764
756 765
767 768
767 769
768 770
769 770
770 771
770 772
772 1194
772 1213
773 1378
774 775
774 776
774 777
774 778
774 779
774 780
774 781
774 782
774 783
774 784
774 785
774 786
774 787
774 788
774 789
774 790
774 791
774 1194
774 1213
774 1378
775 1034
775 1369
776 1194
776 1213
776 1349
776 1378
777 1194
777 1213
777 1349
777 1378
778 1194
778 1213
778 1349
778 1378
779 1194
779 1213
779 1349
779 1378
780 1194
780 1213
780 1349
780 1378
781 1194
781 1213
781 1349
781 1378
782 1194
782 1213
782 1349
782 1378
783 1194
783 1213
783 1349
783 1378
784 1194
784 1213
784 1349
784 1378
785 1194
785 1213
785 1378
786 1194
786 1213
786 1378
787 1194
787 1213
787 1378
788 1194
788 1213
788 1378
789 1194
789 1213
789 1378
790 1065
797 1194
797 1213
799 1121
799 1194
799 1213
799 1500
800 1034
800 1194
800 1213
800 1369
800 1378
801 1034
801 1194
801 1213
801 1369
801 1378
802 1034
802 1194
802 1213
802 1369
802 1378
803 1034
803 1194
803 1213
803 1369
803 1378
804 1034
804 1194
804 1213
804 1369
804 1378
805 1034
805 1194
805 1213
805 1369
805 1378
806 1034
806 1194
806 1213
806 1369
806 1378
807 1034
807 1065
807 1128
808 1194
808 1213
811 1034
811 1194
811 1213
811 1349
812 1034
812 1194
812 1213
812 1349
813 1034
813 1194
813 1213
813 1349
814 1194
814 1213
831 1128
832 1128
833 1128
834 1128
835 1128
836 1128
837 1128
838 1128
839 1128
840 1128
841 1128
842 1128
843 1128
844 1128
845 1128
846 1034
846 1194
846 1213
846 1467
847 1034
847 1194
847 1213
847 1467
848 1034
848 1194
848 1213
848 1467
849 1034
849 1194
849 1213
849 1467
850 1034
850 1194
850 1213
851 1034
853 1094
859 1128
860 1128
861 1128
862 1128
863 1128
864 1128
865 1128
870 1128
881 1034
881 1369
881 1378
882 1034
882 1369
882 1378
883 1194
883 1213
884 1128
885 1128
886 1128
897 1128
898 1128
899 1128
900 1128
904 1128
905 1128
906 1128
932 1378
945 1378
946 1378
954 1034
954 1349
954 1369
955 1034
955 1349
955 1369
956 1034
956 1349
956 1369
957 1034
957 1349
957 1369
958 1034
958 1349
958 1369
959 1034
959 1349
959 1369
960 1034
960 1349
960 1369
961 1034
961 1227
961 1349
961 1369
962 1034
962 1227
962 1349
962 1369
963 1034
963 1227
963 1349
963 1369
964 1034
964 1227
964 1349
964 1369
965 1034
965 1227
965 1349
965 1369
966 1034
966 1227
966 1349
966 1369
968 1034
968 1227
968 1349
968 1369
969 1034
969 1349
969 1369
974 979
974 980
974 981
974 982
974 983
974 1034
977 1094
977 1128
977 1141
978 1128
978 1194
978 1213
979 1034
980 1034
981 1034
982 1034
983 1034
992 1034
992 1194
992 1213
992 1369
992 1376
993 1194
993 1213
994 1194
994 1213
995 1194
995 1213
996 1194
996 1213
997 1034
997 1369
997 1378
998 1034
998 1369
998 1378
999 1034
1000 1034
1001 1034
1002 1034
1003 1034
1004 1034
1004 1369
1005 1034
1005 1369
1006 1034
1006 1369
1007 1034
1007 1369
1008 1034
1008 1369
1009 1034
1009 1369
1010 1034
1010 1194
1010 1213
1010 1369
1010 1376
1018 1034
1019 1034
1019 1369
1019 1378
1021 1377
1023 1194
1023 1213
1029 1094
1029 1128
1029 1141
1030 1331
1030 1378
1034 1055
1034 1056
1034 1057
1034 1349
1034 1366
1034 1367
1034 1368
1035 1349
1036 1194
1036 1213
1036 1441
1037 1194
1037 1213
1037 1441
1038 1122
1038 1123
1038 1124
1038 1129
1038 1130
1038 1131
1038 1510
1040 1194
1040 1213
1040 1441
1041 1194
1041 1213
1041 1441
1042 1194
1042 1213
1042 1441
1043 1094
1044 1094
1047 1378
1055 1369
1056 1369
1057 1369
1058 1378
1059 1378
1061 1377
1062 1094
1062 1128
1062 1141
1065 1066
1065 1067
1065 1068
1065 1069
1065 1070
1065 1071
1065 1072
1065 1073
1065 1074
1065 1075
1065 1076
1065 1077
1065 1078
1067 1545
1068 1145
1068 1233
1068 1441
1069 1145
1089 1510
1092 1331
1093 1329
1093 1330
1093 1331
1093 1332
1093 1333
1093 1334
1093 1335
1093 1336
1093 1337
1093 1338
1093 1339
1093 1340
1093 1341
1093 1342
1094 1120
1094 1343
1094 1357
1094 1358
1094 1472
1094 1473
1094 1478
1094 1479
1094 1480
1094 1481
1094 1482
1094 1483
1094 1484
1094 1485
1094 1486
1094 1487
1094 1488
1094 1489
1094 1490
1094 1491
1098 1194
1098 1213
1098 1227
1098 1378
1102 1377
1103 1377
1107 1194
1107 1213
1107 1227
1107 1378
1108 1194
1108 1213
1108 1227
1108 1378
1109 1194
1109 1213
1109 1227
1109 1378
1110 1194
1110 1213
1110 1227
1110 1378
1111 1194
1111 1213
1111 1227
1111 1378
1112 1523
1112 1560
1113 1114
1115 1348
1116 1377
1117 1377
1121 1178
1121 1220
1121 1221
1121 1222
1121 1223
1121 1283
1121 1287
1121 1494
1121 1495
1121 1496
1121 1497
1121 1498
1121 1499
1121 1500
1121 1501
1121 1502
1122 1128
1122 1533
1123 1128
1123 1533
1124 1128
1124 1533
1128 1161
1128 1162
1128 1165
1128 1167
1128 1168
1128 1169
1128 1170
1128 1171
1128 1172
1128 1173
1128 1174
1128 1178
1128 1195
1128 1196
1128 1197
1128 1198
1128 1204
1128 1209
1128 1298
1128 1299
1128 1300
1128 1301
1128 1302
1128 1303
1128 1304
1128 1305
1128 1306
1128 1307
1128 1308
1128 1378
1141 1142
1143 1144
1144 1194
1144 1213
1146 1147
1146 1148
1146 1149
1146 1150
1146 1151
1152 1153
1154 1155
1154 1194
1154 1213
1155 1194
1155 1213
1162 1194
1162 1213
1165 1194
1165 1213
1166 1194
1166 1213
1166 1365
1167 1194
1167 1213
1168 1194
1168 1213
1169 1297
1170 1194
1170 1213
1171 1194
1171 1213
1172 1194
1172 1213
1175 1189
1175 1240
1175 1241
1175 1242
1175 1243
1175 1244
1177 1182
1178 1182
1178 1500
1182 1372
1182 1373
1182 1374
1182 1375
1186 1441
1186 1467
1190 1194
1190 1213
1190 1534
1190 1545
1193 1194
1193 1213
1193 1545
1194 1195
1194 1196
1194 1197
1194 1198
1194 1199
1194 1200
1194 1201
1194 1202
1194 1203
1194 1204
1194 1205
1194 1206
1194 1207
1194 1208
1194 1209
1194 1210
1194 1211
1194 1212
1194 1213
1194 1214
1194 1215
1194 1216
1194 1217
1194 1218
1194 1219
1194 1220
1194 1221
1194 1222
1194 1223
1194 1224
1195 1213
1196 1213
1197 1213
1198 1213
1199 1213
1199 1477
1200 1213
1200 1477
1201 1213
1201 1477
1202 1213
1202 1477
1203 1213
1203 1477
1204 1213
1205 1213
1205 1463
1206 1213
1206 1509
1207 1213
1207 1509
1208 1213
1208 1551
1209 1213
1210 1213
1210 1545
1211 1213
1212 1213
1213 1214
1213 1215
1213 1216
1213 1217
1213 1218
1213 1219
1213 1220
1213 1221
1213 1222
1213 1223
1213 1224
1213 1378
1220 1500
1221 1500
1222 1500
1223 1500
1224 1477
1225 1226
1227 1228
1227 1229
1227 1230
1227 1231
1227 1232
1234 1235
1234 1236
1234 1237
1234 1238
1245 1246
1245 1247
1245 1248
1245 1249
1245 1250
1245 1251
1245 1252
1245 1253
1245 1254
1245 1255
1245 1256
1245 1257
1245 1258
1245 1259
1245 1260
1245 1261
1245 1262
1245 1263
1245 1264
1245 1265
1245 1266
1245 1267
1245 1268
1245 1269
1245 1270
1245 1271
1245 1272
1245 1273
1245 1274
1245 1275
1245 1276
1245 1277
1245 1278
1245 1279
1245 1280
1245 1281
1245 1282
1245 1283
1245 1284
1245 1285
1245 1286
1245 1287
1245 1288
1245 1289
1245 1290
1245 1291
1245 1292
1245 1293
1245 1294
1245 1295
1245 1296
1283 1500
1283 1512
1285 1512
1287 1500
1287 1512
1309 1310
1312 1523
1313 1523
1316 1319
1316 1523
1317 1523
1318 1523
1319 1320
1319 1322
1319 1325
1319 1326
1319 1327
1319 1328
1319 1506
1319 1507
1319 1508
1320 1523
1321 1523
1322 1523
1323 1523
1325 1463
1325 1523
1326 1463
1326 1523
1327 1463
1327 1523
1328 1463
1328 1523
1330 1463
1331 1339
1331 1342
1331 1343
1340 1463
1345 1346
1345 1347
1350 1351
1350 1352
1353 1354
1356 1357
1356 1358
1359 1360
1359 1361
1359 1362
1366 1533
1367 1533
1368 1533
1370 1371
1370 1510
1371 1510
1376 1378
1378 1379
1378 1380
1378 1381
1378 1382
1378 1383
1378 1384
1378 1385
1378 1386
1378 1387
1378 1388
1378 1389
1378 1390
1378 1391
1378 1392
1378 1393
1378 1394
1378 1395
1378 1396
1378 1397
1378 1398
1378 1399
1378 1400
1378 1401
1378 1402
1378 1403
1378 1404
1378 1405
1378 1406
1378 1407
1378 1408
1378 1409
1409 1441
1432 1523
1439 1463
1441 1442
1441 1443
1441 1444
1441 1445
1441 1446
1441 1447
1441 1448
1441 1449
1441 1450
1441 1451
1441 1452
1441 1453
1441 1454
1441 1455
1441 1456
1441 1457
1441 1458
1441 1459
1441 1460
1441 1461
1441 1462
1463 1464
1463 1465
1463 1466
1463 1467
1463 1468
1463 1469
1463 1470
1463 1471
1463 1472
1463 1473
1463 1474
1463 1475
1463 1476
1492 1493
1494 1500
1495 1500
1496 1500
1497 1500
1498 1500
1499 1500
1500 1501
1500 1502
1503 1504
1503 1505
1504 1505
1510 1511
1512 1513
1514 1515
1514 1516
1514 1517
1514 1518
1514 1519
1514 1520
1522 1523
1523 1524
1523 1525
1523 1526
1523 1527
1523 1528
1523 1529
1523 1530
1523 1531
1534 1535
1534 1536
1534 1537
1534 1538
1534 1539
1534 1540
1534 1541
1534 1542
1534 1543
1534 1544
1540 1545
1543 1545
1544 1545
1545 1546
1545 1547
1545 1548
1552 1553
1552 1554
1555 1556
1557 1558
1560 1561
1560 1562
1560 1563
1560 1564
1560 1565
