-1 - 3196
5 - 2971
7 - 3076
29 - 3181
34 - 3040
36 - 3099
40 - 3170
48 - 3013
52 - 3185
56 - 3021
58 - 3195
60 - 3149
62 - 3060
66 - 3021
5 29 - 2964
5 34 - 2889
5 40 - 2950
5 52 - 2960
5 58 - 2970
5 60 - 2924
7 29 - 3069
7 34 - 2930
7 36 - 2979
7 40 - 3050
7 48 - 2893
7 52 - 3065
7 56 - 2919
7 58 - 3075
7 60 - 3031
7 62 - 2940
7 66 - 2906
29 34 - 3036
29 36 - 3084
29 40 - 3155
29 48 - 2998
29 52 - 3170
29 56 - 3006
29 58 - 3180
29 60 - 3136
29 62 - 3045
29 66 - 3013
34 36 - 2943
34 40 - 3017
34 52 - 3031
34 56 - 2884
34 58 - 3039
34 60 - 2995
34 62 - 2913
34 66 - 2886
36 40 - 3073
36 48 - 2987
36 52 - 3088
36 56 - 2924
36 58 - 3098
36 60 - 3052
36 62 - 2963
36 66 - 2924
40 48 - 2987
40 52 - 3159
40 56 - 2996
40 58 - 3169
40 60 - 3124
40 62 - 3045
40 66 - 2997
48 52 - 3002
48 58 - 3012
48 60 - 2986
48 62 - 2877
52 56 - 3016
52 58 - 3184
52 60 - 3138
52 62 - 3049
52 66 - 3010
56 58 - 3020
56 60 - 2974
56 62 - 2923
58 60 - 3148
58 62 - 3060
58 66 - 3020
60 62 - 3014
60 66 - 3021
62 66 - 2892
5 29 34 - 2885
5 29 40 - 2943
5 29 52 - 2953
5 29 58 - 2963
5 29 60 - 2919
5 34 52 - 2880
5 34 58 - 2888
5 40 52 - 2939
5 40 58 - 2949
5 40 60 - 2904
5 52 58 - 2959
5 52 60 - 2913
5 58 60 - 2923
7 29 34 - 2928
7 29 36 - 2972
7 29 40 - 3043
7 29 48 - 2886
7 29 52 - 3058
7 29 56 - 2912
7 29 58 - 3068
7 29 60 - 3024
7 29 62 - 2933
7 29 66 - 2902
7 34 40 - 2907
7 34 52 - 2921
7 34 58 - 2929
7 34 60 - 2885
7 36 40 - 2953
7 36 52 - 2968
7 36 58 - 2978
7 36 60 - 2934
7 40 52 - 3039
7 40 56 - 2894
7 40 58 - 3049
7 40 60 - 3006
7 40 62 - 2925
7 40 66 - 2882
7 48 52 - 2882
7 48 58 - 2892
7 52 56 - 2914
7 52 58 - 3064
7 52 60 - 3020
7 52 62 - 2929
7 52 66 - 2895
7 56 58 - 2918
7 58 60 - 3030
7 58 62 - 2940
7 58 66 - 2905
7 60 62 - 2896
7 60 66 - 2906
29 34 36 - 2939
29 34 40 - 3013
29 34 52 - 3027
29 34 56 - 2880
29 34 58 - 3035
29 34 60 - 2991
29 34 62 - 2909
29 34 66 - 2882
29 36 40 - 3058
29 36 48 - 2972
29 36 52 - 3073
29 36 56 - 2909
29 36 58 - 3083
29 36 60 - 3039
29 36 62 - 2948
29 36 66 - 2916
29 40 48 - 2972
29 40 52 - 3144
29 40 56 - 2981
29 40 58 - 3154
29 40 60 - 3111
29 40 62 - 3030
29 40 66 - 2989
29 48 52 - 2987
29 48 58 - 2997
29 48 60 - 2973
29 52 56 - 3001
29 52 58 - 3169
29 52 60 - 3125
29 52 62 - 3034
29 52 66 - 3002
29 56 58 - 3005
29 56 60 - 2961
29 56 62 - 2908
29 58 60 - 3135
29 58 62 - 3045
29 58 66 - 3012
29 60 62 - 3001
29 60 66 - 3013
29 62 66 - 2884
34 36 40 - 2920
34 36 52 - 2934
34 36 58 - 2942
34 36 60 - 2898
34 40 52 - 3008
34 40 58 - 3016
34 40 60 - 2973
34 40 62 - 2901
34 52 56 - 2879
34 52 58 - 3030
34 52 60 - 2986
34 52 62 - 2904
34 52 66 - 2877
34 56 58 - 2883
34 58 60 - 2994
34 58 62 - 2913
34 58 66 - 2885
34 60 66 - 2886
36 40 48 - 2961
36 40 52 - 3062
36 40 56 - 2899
36 40 58 - 3072
36 40 60 - 3027
36 40 62 - 2948
36 40 66 - 2900
36 48 52 - 2976
36 48 58 - 2986
36 48 60 - 2960
36 52 56 - 2919
36 52 58 - 3087
36 52 60 - 3041
36 52 62 - 2952
36 52 66 - 2913
36 56 58 - 2923
36 56 60 - 2877
36 58 60 - 3051
36 58 62 - 2963
36 58 66 - 2923
36 60 62 - 2917
36 60 66 - 2924
40 48 52 - 2976
40 48 58 - 2986
40 48 60 - 2961
40 52 56 - 2991
40 52 58 - 3158
40 52 60 - 3113
40 52 62 - 3034
40 52 66 - 2986
40 56 58 - 2995
40 56 60 - 2950
40 56 62 - 2909
40 58 60 - 3123
40 58 62 - 3045
40 58 66 - 2996
40 60 62 - 2999
40 60 66 - 2997
40 62 66 - 2877
48 52 58 - 3001
48 52 60 - 2975
48 58 60 - 2985
48 58 62 - 2877
52 56 58 - 3015
52 56 60 - 2969
52 56 62 - 2918
52 58 60 - 3137
52 58 62 - 3049
52 58 66 - 3009
52 60 62 - 3003
52 60 66 - 3010
52 62 66 - 2881
56 58 60 - 2973
56 58 62 - 2923
56 60 62 - 2877
58 60 62 - 3014
58 60 66 - 3020
58 62 66 - 2892
60 62 66 - 2892
5 29 34 52 - 2876
5 29 34 58 - 2884
5 29 40 52 - 2932
5 29 40 58 - 2942
5 29 40 60 - 2899
5 29 52 58 - 2952
5 29 52 60 - 2908
5 29 58 60 - 2918
5 34 52 58 - 2879
5 40 52 58 - 2938
5 40 52 60 - 2893
5 40 58 60 - 2903
5 52 58 60 - 2912
7 29 34 40 - 2905
7 29 34 52 - 2919
7 29 34 58 - 2927
7 29 34 60 - 2883
7 29 36 40 - 2946
7 29 36 52 - 2961
7 29 36 58 - 2971
7 29 36 60 - 2927
7 29 40 52 - 3032
7 29 40 56 - 2887
7 29 40 58 - 3042
7 29 40 60 - 2999
7 29 40 62 - 2918
7 29 40 66 - 2878
7 29 48 58 - 2885
7 29 52 56 - 2907
7 29 52 58 - 3057
7 29 52 60 - 3013
7 29 52 62 - 2922
7 29 52 66 - 2891
7 29 56 58 - 2911
7 29 58 60 - 3023
7 29 58 62 - 2933
7 29 58 66 - 2901
7 29 60 62 - 2889
7 29 60 66 - 2902
7 34 40 52 - 2898
7 34 40 58 - 2906
7 34 52 58 - 2920
7 34 52 60 - 2876
7 34 58 60 - 2884
7 36 40 52 - 2942
7 36 40 58 - 2952
7 36 40 60 - 2909
7 36 52 58 - 2967
7 36 52 60 - 2923
7 36 58 60 - 2933
7 40 52 56 - 2889
7 40 52 58 - 3038
7 40 52 60 - 2995
7 40 52 62 - 2914
7 40 56 58 - 2893
7 40 58 60 - 3005
7 40 58 62 - 2925
7 40 58 66 - 2881
7 40 60 62 - 2881
7 40 60 66 - 2882
7 48 52 58 - 2881
7 52 56 58 - 2913
7 52 58 60 - 3019
7 52 58 62 - 2929
7 52 58 66 - 2894
7 52 60 62 - 2885
7 52 60 66 - 2895
7 58 60 62 - 2896
7 58 60 66 - 2905
29 34 36 40 - 2916
29 34 36 52 - 2930
29 34 36 58 - 2938
29 34 36 60 - 2894
29 34 40 52 - 3004
29 34 40 58 - 3012
29 34 40 60 - 2969
29 34 40 62 - 2897
29 34 52 58 - 3026
29 34 52 60 - 2982
29 34 52 62 - 2900
29 34 56 58 - 2879
29 34 58 60 - 2990
29 34 58 62 - 2909
29 34 58 66 - 2881
29 34 60 66 - 2882
29 36 40 48 - 2946
29 36 40 52 - 3047
29 36 40 56 - 2884
29 36 40 58 - 3057
29 36 40 60 - 3014
29 36 40 62 - 2933
29 36 40 66 - 2892
29 36 48 52 - 2961
29 36 48 58 - 2971
29 36 48 60 - 2947
29 36 52 56 - 2904
29 36 52 58 - 3072
29 36 52 60 - 3028
29 36 52 62 - 2937
29 36 52 66 - 2905
29 36 56 58 - 2908
29 36 58 60 - 3038
29 36 58 62 - 2948
29 36 58 66 - 2915
29 36 60 62 - 2904
29 36 60 66 - 2916
29 40 48 52 - 2961
29 40 48 58 - 2971
29 40 48 60 - 2948
29 40 52 56 - 2976
29 40 52 58 - 3143
29 40 52 60 - 3100
29 40 52 62 - 3019
29 40 52 66 - 2978
29 40 56 58 - 2980
29 40 56 60 - 2937
29 40 56 62 - 2894
29 40 58 60 - 3110
29 40 58 62 - 3030
29 40 58 66 - 2988
29 40 60 62 - 2986
29 40 60 66 - 2989
29 48 52 58 - 2986
29 48 52 60 - 2962
29 48 58 60 - 2972
29 52 56 58 - 3000
29 52 56 60 - 2956
29 52 56 62 - 2903
29 52 58 60 - 3124
29 52 58 62 - 3034
29 52 58 66 - 3001
29 52 60 62 - 2990
29 52 60 66 - 3002
29 56 58 60 - 2960
29 56 58 62 - 2908
29 58 60 62 - 3001
29 58 60 66 - 3012
29 58 62 66 - 2884
29 60 62 66 - 2884
34 36 40 52 - 2911
34 36 40 58 - 2919
34 36 40 60 - 2876
34 36 52 58 - 2933
34 36 52 60 - 2889
34 36 58 60 - 2897
34 40 52 58 - 3007
34 40 52 60 - 2964
34 40 52 62 - 2892
34 40 58 60 - 2972
34 40 58 62 - 2901
34 52 56 58 - 2878
34 52 58 60 - 2985
34 52 58 62 - 2904
34 52 58 66 - 2876
34 52 60 66 - 2877
34 58 60 66 - 2885
36 40 48 52 - 2950
36 40 48 58 - 2960
36 40 48 60 - 2935
36 40 52 56 - 2894
36 40 52 58 - 3061
36 40 52 60 - 3016
36 40 52 62 - 2937
36 40 52 66 - 2889
36 40 56 58 - 2898
36 40 58 60 - 3026
36 40 58 62 - 2948
36 40 58 66 - 2899
36 40 60 62 - 2902
36 40 60 66 - 2900
36 48 52 58 - 2975
36 48 52 60 - 2949
36 48 58 60 - 2959
36 52 56 58 - 2918
36 52 58 60 - 3040
36 52 58 62 - 2952
36 52 58 66 - 2912
36 52 60 62 - 2906
36 52 60 66 - 2913
36 56 58 60 - 2876
36 58 60 62 - 2917
36 58 60 66 - 2923
40 48 52 58 - 2975
40 48 52 60 - 2950
40 48 58 60 - 2960
40 52 56 58 - 2990
40 52 56 60 - 2945
40 52 56 62 - 2904
40 52 58 60 - 3112
40 52 58 62 - 3034
40 52 58 66 - 2985
40 52 60 62 - 2988
40 52 60 66 - 2986
40 56 58 60 - 2949
40 56 58 62 - 2909
40 58 60 62 - 2999
40 58 60 66 - 2996
40 58 62 66 - 2877
40 60 62 66 - 2877
48 52 58 60 - 2974
52 56 58 60 - 2968
52 56 58 62 - 2918
52 58 60 62 - 3003
52 58 60 66 - 3009
52 58 62 66 - 2881
52 60 62 66 - 2881
56 58 60 62 - 2877
58 60 62 66 - 2892
5 29 40 52 58 - 2931
5 29 40 52 60 - 2888
5 29 40 58 60 - 2898
5 29 52 58 60 - 2907
5 40 52 58 60 - 2892
7 29 34 40 52 - 2896
7 29 34 40 58 - 2904
7 29 34 52 58 - 2918
7 29 34 58 60 - 2882
7 29 36 40 52 - 2935
7 29 36 40 58 - 2945
7 29 36 40 60 - 2902
7 29 36 52 58 - 2960
7 29 36 52 60 - 2916
7 29 36 58 60 - 2926
7 29 40 52 56 - 2882
7 29 40 52 58 - 3031
7 29 40 52 60 - 2988
7 29 40 52 62 - 2907
7 29 40 56 58 - 2886
7 29 40 58 60 - 2998
7 29 40 58 62 - 2918
7 29 40 58 66 - 2877
7 29 40 60 66 - 2878
7 29 52 56 58 - 2906
7 29 52 58 60 - 3012
7 29 52 58 62 - 2922
7 29 52 58 66 - 2890
7 29 52 60 62 - 2878
7 29 52 60 66 - 2891
7 29 58 60 62 - 2889
7 29 58 60 66 - 2901
7 34 40 52 58 - 2897
7 36 40 52 58 - 2941
7 36 40 52 60 - 2898
7 36 40 58 60 - 2908
7 36 52 58 60 - 2922
7 40 52 56 58 - 2888
7 40 52 58 60 - 2994
7 40 52 58 62 - 2914
7 40 58 60 62 - 2881
7 40 58 60 66 - 2881
7 52 58 60 62 - 2885
7 52 58 60 66 - 2894
29 34 36 40 52 - 2907
29 34 36 40 58 - 2915
29 34 36 52 58 - 2929
29 34 36 52 60 - 2885
29 34 36 58 60 - 2893
29 34 40 52 58 - 3003
29 34 40 52 60 - 2960
29 34 40 52 62 - 2888
29 34 40 58 60 - 2968
29 34 40 58 62 - 2897
29 34 52 58 60 - 2981
29 34 52 58 62 - 2900
29 34 58 60 66 - 2881
29 36 40 48 52 - 2935
29 36 40 48 58 - 2945
29 36 40 48 60 - 2922
29 36 40 52 56 - 2879
29 36 40 52 58 - 3046
29 36 40 52 60 - 3003
29 36 40 52 62 - 2922
29 36 40 52 66 - 2881
29 36 40 56 58 - 2883
29 36 40 58 60 - 3013
29 36 40 58 62 - 2933
29 36 40 58 66 - 2891
29 36 40 60 62 - 2889
29 36 40 60 66 - 2892
29 36 48 52 58 - 2960
29 36 48 52 60 - 2936
29 36 48 58 60 - 2946
29 36 52 56 58 - 2903
29 36 52 58 60 - 3027
29 36 52 58 62 - 2937
29 36 52 58 66 - 2904
29 36 52 60 62 - 2893
29 36 52 60 66 - 2905
29 36 58 60 62 - 2904
29 36 58 60 66 - 2915
29 40 48 52 58 - 2960
29 40 48 52 60 - 2937
29 40 48 58 60 - 2947
29 40 52 56 58 - 2975
29 40 52 56 60 - 2932
29 40 52 56 62 - 2889
29 40 52 58 60 - 3099
29 40 52 58 62 - 3019
29 40 52 58 66 - 2977
29 40 52 60 62 - 2975
29 40 52 60 66 - 2978
29 40 56 58 60 - 2936
29 40 56 58 62 - 2894
29 40 58 60 62 - 2986
29 40 58 60 66 - 2988
29 48 52 58 60 - 2961
29 52 56 58 60 - 2955
29 52 56 58 62 - 2903
29 52 58 60 62 - 2990
29 52 58 60 66 - 3001
29 58 60 62 66 - 2884
34 36 40 52 58 - 2910
34 36 52 58 60 - 2888
34 40 52 58 60 - 2963
34 40 52 58 62 - 2892
34 52 58 60 66 - 2876
36 40 48 52 58 - 2949
36 40 48 52 60 - 2924
36 40 48 58 60 - 2934
36 40 52 56 58 - 2893
36 40 52 58 60 - 3015
36 40 52 58 62 - 2937
36 40 52 58 66 - 2888
36 40 52 60 62 - 2891
36 40 52 60 66 - 2889
36 40 58 60 62 - 2902
36 40 58 60 66 - 2899
36 48 52 58 60 - 2948
36 52 58 60 62 - 2906
36 52 58 60 66 - 2912
40 48 52 58 60 - 2949
40 52 56 58 60 - 2944
40 52 56 58 62 - 2904
40 52 58 60 62 - 2988
40 52 58 60 66 - 2985
40 58 60 62 66 - 2877
52 58 60 62 66 - 2881
5 29 40 52 58 60 - 2887
7 29 34 40 52 58 - 2895
7 29 36 40 52 58 - 2934
7 29 36 40 52 60 - 2891
7 29 36 40 58 60 - 2901
7 29 36 52 58 60 - 2915
7 29 40 52 56 58 - 2881
7 29 40 52 58 60 - 2987
7 29 40 52 58 62 - 2907
7 29 40 58 60 66 - 2877
7 29 52 58 60 62 - 2878
7 29 52 58 60 66 - 2890
7 36 40 52 58 60 - 2897
29 34 36 40 52 58 - 2906
29 34 36 52 58 60 - 2884
29 34 40 52 58 60 - 2959
29 34 40 52 58 62 - 2888
29 36 40 48 52 58 - 2934
29 36 40 48 52 60 - 2911
29 36 40 48 58 60 - 2921
29 36 40 52 56 58 - 2878
29 36 40 52 58 60 - 3002
29 36 40 52 58 62 - 2922
29 36 40 52 58 66 - 2880
29 36 40 52 60 62 - 2878
29 36 40 52 60 66 - 2881
29 36 40 58 60 62 - 2889
29 36 40 58 60 66 - 2891
29 36 48 52 58 60 - 2935
29 36 52 58 60 62 - 2893
29 36 52 58 60 66 - 2904
29 40 48 52 58 60 - 2936
29 40 52 56 58 60 - 2931
29 40 52 56 58 62 - 2889
29 40 52 58 60 62 - 2975
29 40 52 58 60 66 - 2977
36 40 48 52 58 60 - 2923
36 40 52 58 60 62 - 2891
36 40 52 58 60 66 - 2888
7 29 36 40 52 58 60 - 2890
29 36 40 48 52 58 60 - 2910
29 36 40 52 58 60 62 - 2878
29 36 40 52 58 60 66 - 2880
